K_FEM   =      1/12*[8 -2 -4 -2; -2  8 -2 -4; -4 -2  8 -2; -2 -4 -2  8];
K_VEM_C =       1/2*[1  0 -1  0;  0  1  0 -1; -1  0  1  0;  0 -1  0  1];
K_VEM_S = 1/4*[1 -1  1 -1; -1  1 -1  1;  1 -1  1 -1; -1  1 -1  1];
alpha = 2/3;
K_FEM - K_VEM_C - alpha*K_VEM_S


K_SFEM = 1/16*[9 -1 -7 -1; -1 9 -1 -7;
              -7 -1 9 -1; -1 -7 -1 9];
alpha = 1/4;
K_SFEM - K_VEM_C - alpha*K_VEM_S
% 
% K_SFEM = [0.5952 0.0238 -0.4881 -0.4048 0.2738;
%           0.0238 0.3095 0.0833 -0.1190 -0.2976;
%           -0.4881 0.0833 0.4345 0.2976 -0.3274;
%           -0.4048 -0.1190 0.2976 0.3095 -0.0833;
%           0.2738 -0.2976 -0.3274 -0.0833 0.4345];
% K_VEM_C = [0.5952 0.0238 -0.4881 -0.4048 0.2738;
% 0.0238 0.3095 0.0833 -0.1190 -0.2976;
% -0.4881 0.0833 0.4345 0.2976 -0.3274;
% -0.4048 -0.1190 0.2976 0.3095 -0.0833;
% 0.2738 -0.2976 -0.3274 -0.0833 0.4345];
% 
% K_VEM_S = [0.7422 -0.1966 -0.3412 -0.2578 0.0534;
%            -0.1966 0.7422 -0.3412 -0.1354 -0.0690;
% 
% −0.3412 −0.3412
% 0.9896
% 0.0364 −0.3437 
% −0.2578 −0.1354
% 0.0364
% 0.8646 −0.5078 
% 0.0534 −0.0690 −0.3437 −0.5078
% 0.8672

