function dt = getTimestepsSPE1_octave()

    dt =...
    [1.0000
    2.0000
    2.0000
    5.0000
    5.0000
   10.0000
   10.0000
   10.0000
   10.0000
   10.0000
   25.0000
   25.0000
   25.0000
   25.0000
   25.0000
   25.0000
   25.0000
   25.0000
   25.0000
   25.0000
   25.0000
   25.0000
   20.0000
   20.0000
   20.0000
   20.0000
   20.0000
   20.0000
   20.0000
   20.0000
   20.0000
   20.0000
   20.0000
   20.0000
   20.0000
   13.0000
   13.0000
   13.0000
   13.0000
   13.0000
   13.0000
   13.0000
   14.0000
   10.0000
   10.0000
   10.0000
   10.0000
   10.0000
   10.0000
   10.0000
   10.0000
   10.0000
   10.0000
   10.0000
   10.0000
   10.0000
   10.0000
   10.0000
   10.0000
   10.0000
   12.5000
    8.5000
    5.0000
    5.0000
    5.0000
    5.0000
    5.0000
    5.0000
    5.0000
    5.0000
    5.0000
    5.0000
    5.0000
    5.0000
    5.0000
    5.0000
    5.0000
    5.0000
    5.0000
    5.0000
    5.0000
    5.0000
    5.0000
    5.0000
    5.0000
    5.0000
    5.0000
    5.0000
    5.0000
    5.0000
    5.0000
    5.0000
    5.0000
    5.0000
    5.0000
    5.0000
    5.0000
    5.0000
    5.0000
    5.0000
    5.0000
    5.0000
    5.0000
    5.0000
    5.0000
    5.0000
    5.0000
    5.0000
    5.0000
    5.0000
    5.0000
    5.0000
    5.0000
    5.0000
    5.0000
    5.0000
    5.0000
    5.0000
    5.0000
   10.0000]*day;
end